% dados das barras SEM redespacho (geração = demanda)
%    N  Gmin [MW]  Gmax [MW]     D [MW]
     1          0        50         80
     2          0          0        240
     3          0        165         40
     4          0          0        160
     5          0          0        240
     6          0        545          0    
 
% dados das linhas
%  de para   N0    X [pu] fmax [MW]  C [pu$]
    1    2    1    0.4000       100       40
    1    3    0    0.3800       100       38
    1    4    1    0.6000        80       60
    1    5    1    0.2000       100       20
    1    6    0    0.6800        70       68
    2    3    1    0.2000       100       20
    2    4    1    0.4000       100       40
    2    5    0    0.3100       100       31
    2    6    0    0.3000       100       30
    3    4    0    0.5900        82       59
    3    5    1    0.2000       100       20
    3    6    0    0.4800       100       48
    4    5    0    0.6300        75       63
    4    6    0    0.3000       100       30
    5    6    0    0.6100        78       61